0 0.221964 0.668060 0.201673 0.272951
0 0.081455 0.483142 0.162909 0.296557
0 0.245000 0.508989 0.224691 0.309781
0 0.221236 0.322951 0.185818 0.292240
0 0.413527 0.758989 0.193018 0.303224
0 0.373927 0.259098 0.211709 0.324645
0 0.414982 0.440820 0.172873 0.290273
0 0.573436 0.623716 0.195891 0.270820
0 0.532364 0.473388 0.200218 0.285683
0 0.593600 0.356393 0.184364 0.285902
0 0.561891 0.117213 0.178618 0.231803
0 0.732582 0.164836 0.171418 0.270765
0 0.894636 0.242760 0.167091 0.270765
0 0.762836 0.624781 0.197309 0.303224
0 0.610145 0.871530 0.257818 0.242623
0 0.894745 0.814317 0.210509 0.365792
