0 0.321690 0.833665 0.495540 0.332670
0 0.224080 0.025427 0.300320 0.050854
0 0.571340 0.075547 0.401680 0.151095
0 0.257870 0.176155 0.435460 0.265634
0 0.036960 0.237550 0.073920 0.187944
0 0.831650 0.171142 0.336700 0.260628
0 0.280400 0.367864 0.382920 0.248091
0 0.539420 0.339045 0.375400 0.245594
0 0.863560 0.417991 0.272880 0.243084
0 0.061370 0.444299 0.122740 0.190467
0 0.327320 0.540781 0.356640 0.223031
0 0.644540 0.595915 0.367880 0.253111
0 0.106410 0.620968 0.212820 0.192964
0 0.919870 0.666081 0.160260 0.258117
0 0.063240 0.810174 0.126480 0.285688
0 0.775930 0.831475 0.442980 0.303218
