0 0.371587 0.669262 0.321147 0.343114
0 0.284973 0.334066 0.256907 0.285712
0 0.453333 0.393817 0.274427 0.311690
0 0.682020 0.583416 0.350333 0.425979
0 0.550647 0.202100 0.258867 0.404199
0 0.755987 0.336673 0.280267 0.384413
0 0.912053 0.570569 0.175893 0.332206
0 0.532160 0.124982 0.580000 0.220783
0 0.121080 0.841966 0.242160 0.316068
0 0.819600 0.884831 0.360800 0.230338
0 0.149707 0.516023 0.290000 0.322331
0 0.068527 0.416406 0.137053 0.332456
0 0.152620 0.189137 0.249133 0.272722
0 0.446520 0.864048 0.346453 0.271904
