0 0.090721 0.398152 0.181443 0.341914
0 0.791633 0.946305 0.231453 0.107391
0 0.963323 0.877922 0.073354 0.244156
0 0.887193 0.722973 0.208656 0.276164
0 0.728508 0.833434 0.217422 0.270898
0 0.667141 0.172773 0.185865 0.345547
0 0.848617 0.124621 0.184109 0.220930
0 0.906336 0.286371 0.187328 0.149914
0 0.914227 0.465219 0.171547 0.255125
0 0.746044 0.433656 0.185859 0.155172
0 0.602263 0.342918 0.189370 0.163070
0 0.604893 0.579629 0.205151 0.268273
0 0.257719 0.701930 0.208656 0.281422
0 0.077573 0.754531 0.155146 0.334031
0 0.170047 0.899188 0.236708 0.192000
0 0.135857 0.140398 0.189370 0.231453
0 0.349773 0.450754 0.210411 0.284055
0 0.310320 0.261383 0.201641 0.347172
0 0.427799 0.680887 0.156057 0.244602
0 0.387471 0.858418 0.205151 0.252492
