0 0.448267 0.256000 0.244622 0.260356
0 0.254933 0.128667 0.273511 0.257333
0 0.628422 0.175778 0.220933 0.236711
0 0.465356 0.077378 0.242000 0.154756
0 0.757289 0.062911 0.210400 0.125822
0 0.794111 0.224422 0.194622 0.207778
0 0.912844 0.127111 0.174311 0.192000
0 0.285178 0.478244 0.265644 0.262978
0 0.500844 0.479556 0.218311 0.223556
0 0.369356 0.683400 0.255156 0.273556
0 0.195756 0.866689 0.270889 0.266622
0 0.433778 0.896933 0.210400 0.206133
0 0.582400 0.722844 0.223556 0.241956
0 0.738889 0.803067 0.168356 0.197244
0 0.876956 0.805689 0.170978 0.197244
0 0.958867 0.887222 0.082267 0.176222
0 0.973333 0.294133 0.053333 0.157778
0 0.913800 0.346733 0.144667 0.126267
0 0.923000 0.634733 0.136756 0.155156
