0 0.731004 0.654510 0.376293 0.486546
0 0.335985 0.620335 0.342780 0.470773
0 0.698494 0.211314 0.311274 0.331392
0 0.349788 0.155644 0.275792 0.311289
0 0.211892 0.346804 0.283707 0.318247
0 0.162645 0.712371 0.271853 0.402371
0 0.485734 0.764974 0.271853 0.433969
0 0.847278 0.441469 0.305444 0.355103
0 0.944788 0.590077 0.110425 0.263041
0 0.195135 0.144278 0.116216 0.170928
0 0.522162 0.171881 0.088649 0.178814
0 0.092683 0.466443 0.167452 0.241959
0 0.084807 0.263943 0.139884 0.194588
0 0.539884 0.378351 0.246255 0.339278
