0 0.627090 0.101568 0.271847 0.203135
0 0.877625 0.087005 0.244750 0.174010
0 0.333236 0.114188 0.279611 0.228375
0 0.105778 0.159818 0.211556 0.319635
0 0.064354 0.914188 0.128708 0.171625
0 0.268514 0.947198 0.279611 0.105604
0 0.247806 0.779833 0.284778 0.264083
0 0.060472 0.718672 0.120944 0.242719
0 0.056590 0.494396 0.113181 0.240771
0 0.903514 0.258479 0.192972 0.219417
0 0.632271 0.290516 0.339153 0.213594
0 0.777257 0.496344 0.385764 0.275729
0 0.890569 0.794401 0.218861 0.355344
0 0.570139 0.836521 0.484139 0.326958
0 0.350069 0.565271 0.406472 0.285437
0 0.265931 0.352651 0.321028 0.221365
