0 0.214910 0.658493 0.236711 0.336653
0 0.057156 0.246882 0.114312 0.218292
0 0.484172 0.529618 0.221922 0.273542
0 0.483434 0.820042 0.264820 0.359917
0 0.641734 0.093021 0.164219 0.168319
0 0.663922 0.245563 0.196766 0.231458
0 0.695730 0.433618 0.213039 0.270903
0 0.774145 0.709785 0.254461 0.339292
0 0.858473 0.166667 0.180492 0.199889
0 0.892250 0.362604 0.215500 0.244597
0 0.915922 0.592743 0.168156 0.310347
0 0.448668 0.302111 0.204164 0.218306
0 0.437566 0.115375 0.208602 0.223556
0 0.231926 0.182444 0.193805 0.189361
0 0.231930 0.374438 0.220437 0.247236
0 0.060855 0.459917 0.121711 0.307722
