0 0.667018 0.866221 0.379217 0.213036
0 0.285361 0.717607 0.326506 0.173564
0 0.590211 0.696551 0.340904 0.178845
0 0.853916 0.662376 0.292169 0.168317
0 0.256566 0.584785 0.278434 0.139406
0 0.280572 0.479571 0.240060 0.102574
0 0.510994 0.425660 0.259217 0.094686
0 0.510994 0.363845 0.230422 0.092046
0 0.290181 0.373053 0.220843 0.094686
0 0.803825 0.286254 0.201627 0.094686
0 0.287771 0.287574 0.177590 0.076271
0 0.602199 0.279686 0.201627 0.076271
0 0.647831 0.225776 0.187229 0.063102
0 0.561386 0.175809 0.158434 0.047327
0 0.686235 0.345446 0.225602 0.097294
