0 0.180688 0.802987 0.361375 0.394025
0 0.504725 0.049188 0.139400 0.098375
0 0.499462 0.129925 0.155175 0.094700
0 0.519175 0.204888 0.205150 0.134125
0 0.324562 0.166750 0.194625 0.136750
0 0.642800 0.061550 0.136750 0.073650
0 0.657275 0.127300 0.165700 0.094700
0 0.680937 0.174638 0.160425 0.105225
0 0.701975 0.256175 0.160450 0.126250
0 0.830850 0.642800 0.276150 0.247250
0 0.851650 0.863487 0.296700 0.273025
0 0.244337 0.390313 0.286675 0.236725
0 0.190413 0.562588 0.368225 0.281425
0 0.519188 0.292987 0.226175 0.147275
0 0.516550 0.419237 0.263000 0.199875
0 0.532338 0.581000 0.315625 0.244600
0 0.544163 0.822962 0.386625 0.344525
0 0.736163 0.340337 0.181475 0.142025
0 0.762463 0.460012 0.255125 0.181475
0 0.286425 0.269325 0.244600 0.178850
