0 0.542578 0.505887 0.161152 0.173592
0 0.531187 0.398050 0.131377 0.120997
0 0.567974 0.302045 0.120869 0.128871
0 0.531191 0.225777 0.099844 0.107830
0 0.153701 0.469062 0.161152 0.152551
0 0.240410 0.349391 0.134883 0.134150
0 0.406816 0.246818 0.134883 0.128886
0 0.365654 0.520345 0.185684 0.197258
0 0.412949 0.327038 0.129629 0.136774
0 0.370034 0.388842 0.141885 0.107830
0 0.116035 0.615029 0.208457 0.244604
0 0.895542 0.528240 0.166416 0.181466
0 0.841240 0.380953 0.169922 0.181466
0 0.715991 0.463798 0.154150 0.152551
0 0.673950 0.373065 0.136631 0.144663
0 0.739644 0.618981 0.204951 0.220924
