0 0.075648 0.413764 0.151297 0.689361
0 0.167570 0.538826 0.177531 0.370847
0 0.187543 0.262660 0.137586 0.223569
0 0.311816 0.346819 0.208602 0.391889
0 0.243762 0.700576 0.226352 0.368208
0 0.091184 0.828139 0.182367 0.218306
0 0.048277 0.922618 0.096555 0.154764
0 0.191980 0.927875 0.232273 0.144250
0 0.433129 0.805576 0.312164 0.388847
0 0.461980 0.571701 0.245586 0.336653
0 0.498227 0.425729 0.181969 0.328764
0 0.504145 0.229785 0.164211 0.168319
0 0.658746 0.224528 0.159773 0.168333
0 0.685375 0.458604 0.195281 0.447125
0 0.688336 0.750549 0.216000 0.263014
0 0.722359 0.876590 0.281094 0.246819
0 0.935895 0.880535 0.128211 0.238931
0 0.894469 0.709785 0.211062 0.439236
0 0.886332 0.344194 0.227336 0.428722
0 0.831840 0.134618 0.183445 0.269236
0 0.971398 0.116687 0.057203 0.194625
