0 0.766622 0.519820 0.225367 0.307371
0 0.914517 0.414820 0.170965 0.274897
0 0.799865 0.831495 0.269151 0.328969
0 0.925058 0.703789 0.149884 0.311701
0 0.133514 0.234098 0.265869 0.350670
0 0.336178 0.436469 0.265869 0.348505
0 0.106776 0.586907 0.212394 0.406907
0 0.361313 0.146418 0.251274 0.287887
0 0.284286 0.797938 0.308031 0.400412
0 0.580985 0.086907 0.223745 0.168866
0 0.572066 0.302294 0.235097 0.287887
0 0.567201 0.609639 0.257799 0.335464
0 0.546950 0.882345 0.288571 0.231598
0 0.757703 0.249253 0.220502 0.285722
