0 0.030453 0.263875 0.060906 0.273469
0 0.129133 0.526160 0.255693 0.337102
0 0.116451 0.768672 0.232901 0.254547
0 0.188182 0.287949 0.227031 0.287227
0 0.051865 0.098207 0.103729 0.196414
0 0.198130 0.104172 0.207219 0.208344
0 0.401164 0.282125 0.219776 0.291984
0 0.376047 0.531730 0.240708 0.339086
0 0.364565 0.825633 0.278786 0.348734
0 0.644221 0.822695 0.256276 0.353250
0 0.400065 0.098359 0.197401 0.196719
0 0.621711 0.542176 0.238964 0.348055
0 0.611320 0.283734 0.207797 0.303891
0 0.600932 0.095762 0.200865 0.191523
0 0.796602 0.119141 0.190474 0.238281
0 0.946786 0.119141 0.106427 0.238281
0 0.822576 0.298020 0.218182 0.275320
0 0.962370 0.298020 0.075260 0.285711
0 0.863268 0.536980 0.237234 0.337664
0 0.983148 0.544773 0.033703 0.275328
0 0.891375 0.820438 0.217250 0.359125
