0 0.152267 0.085097 0.130683 0.055929
0 0.659433 0.786738 0.333233 0.426523
0 0.836379 0.650149 0.296642 0.491649
0 0.904792 0.488202 0.190417 0.410104
0 0.322804 0.784881 0.341075 0.430238
0 0.541692 0.545290 0.282267 0.258633
0 0.689362 0.406642 0.222158 0.228351
0 0.823958 0.271501 0.185567 0.149123
0 0.905637 0.209755 0.184258 0.151456
0 0.103575 0.745267 0.207150 0.509465
0 0.288829 0.482377 0.267892 0.249331
0 0.463283 0.349562 0.224767 0.198053
0 0.614221 0.252860 0.197325 0.130475
0 0.714842 0.182964 0.176417 0.111842
0 0.603113 0.121218 0.143742 0.114175
0 0.524050 0.188782 0.150283 0.109510
0 0.400558 0.231895 0.188183 0.139807
0 0.245704 0.319272 0.220842 0.146805
0 0.087896 0.405483 0.175792 0.184071
0 0.072867 0.261010 0.145733 0.114175
0 0.213033 0.206256 0.171183 0.097860
0 0.359396 0.152667 0.150275 0.079212
0 0.454792 0.094413 0.131983 0.093195
0 0.301246 0.093247 0.133292 0.076895
0 0.194738 0.129368 0.155508 0.069911
0 0.066988 0.168982 0.133975 0.083878
