0 0.639385 0.682169 0.307723 0.186738
0 0.081015 0.757128 0.162031 0.231446
0 0.254738 0.365246 0.288000 0.163067
0 0.503285 0.427051 0.280108 0.186738
0 0.853231 0.855759 0.293538 0.223559
0 0.467777 0.262667 0.272231 0.152554
0 0.343500 0.110292 0.284046 0.220585
0 0.207392 0.231103 0.303769 0.199887
0 0.714354 0.362610 0.268277 0.226185
0 0.777477 0.240313 0.236708 0.165692
0 0.588100 0.169297 0.228815 0.165692
0 0.876900 0.680856 0.246200 0.199887
0 0.548654 0.866277 0.347185 0.228821
0 0.215285 0.879431 0.335338 0.239333
0 0.321808 0.679538 0.335338 0.218297
0 0.108631 0.603272 0.217262 0.181477
