0 0.779750 0.824019 0.384648 0.351963
0 0.460190 0.720130 0.364935 0.559741
0 0.909106 0.725389 0.181787 0.549222
0 0.191134 0.831914 0.382269 0.336173
0 0.700847 0.491549 0.305750 0.349815
0 0.445394 0.082049 0.244602 0.164099
0 0.820190 0.095198 0.248546 0.190395
0 0.962366 0.157525 0.075269 0.155173
0 0.433560 0.302179 0.291935 0.291938
0 0.236301 0.195660 0.260380 0.294580
0 0.225454 0.496809 0.325481 0.355074
0 0.065875 0.621741 0.131750 0.326123
0 0.055028 0.403438 0.110056 0.178852
0 0.637722 0.198296 0.274185 0.257753
0 0.865708 0.337685 0.268583 0.305099
0 0.626875 0.042599 0.177528 0.085198
0 0.034315 0.157006 0.068630 0.314012
0 0.070602 0.239056 0.110463 0.155173
