0 0.866175 0.655894 0.267651 0.378736
0 0.764902 0.842414 0.357116 0.315171
0 0.503477 0.779508 0.197299 0.310352
0 0.640599 0.620388 0.179546 0.244603
0 0.687955 0.465212 0.159810 0.265641
0 0.558724 0.371846 0.146005 0.294576
0 0.484733 0.507292 0.171659 0.270903
0 0.361418 0.665099 0.197299 0.376101
0 0.248957 0.557265 0.169682 0.312978
0 0.377200 0.373154 0.165735 0.228818
0 0.450203 0.270582 0.126269 0.202518
0 0.158196 0.500722 0.130217 0.252491
0 0.098016 0.419183 0.144035 0.173583
0 0.200616 0.306088 0.128246 0.210406
0 0.056080 0.340614 0.112160 0.241101
0 0.150396 0.101133 0.117745 0.131074
0 0.072102 0.184468 0.116527 0.110036
0 0.297295 0.204829 0.120359 0.128881
0 0.368287 0.224111 0.106825 0.098709
0 0.270660 0.337649 0.126276 0.173583
0 0.126726 0.252423 0.121388 0.184468
0 0.222624 0.168285 0.104394 0.103556
