0 0.334750 0.316203 0.174000 0.170551
0 0.504887 0.159236 0.135325 0.089148
0 0.466213 0.221241 0.158525 0.065890
0 0.504875 0.271629 0.166250 0.081404
0 0.516475 0.418922 0.189450 0.259699
0 0.609275 0.199925 0.150800 0.108521
0 0.628600 0.151466 0.127600 0.065890
0 0.794850 0.258083 0.160500 0.125138
0 0.738012 0.203333 0.131525 0.105013
0 0.172363 0.207682 0.189475 0.356617
0 0.062012 0.269699 0.124025 0.201554
0 0.327025 0.194110 0.150800 0.104662
0 0.361812 0.155351 0.135325 0.104637
0 0.931975 0.246905 0.136050 0.125138
0 0.870650 0.186566 0.133750 0.053634
0 0.652200 0.279311 0.156050 0.082682
0 0.846125 0.379875 0.164950 0.176541
0 0.954263 0.353058 0.091475 0.234637
0 0.697888 0.384336 0.171625 0.172080
0 0.748050 0.493835 0.196150 0.172080
0 0.880675 0.521767 0.095850 0.138521
0 0.947575 0.565338 0.104850 0.239098
0 0.807113 0.715063 0.220675 0.292732
0 0.885162 0.821216 0.229675 0.357569
0 0.658888 0.892732 0.267475 0.214536
0 0.609850 0.629023 0.258550 0.366466
0 0.373575 0.839098 0.329900 0.321805
0 0.122137 0.785464 0.244275 0.429073
0 0.363537 0.656955 0.251875 0.136316
0 0.364650 0.577644 0.196150 0.111729
0 0.346812 0.465902 0.178325 0.160877
0 0.045237 0.408922 0.090475 0.127368
0 0.154012 0.463672 0.211775 0.125138
0 0.119913 0.546353 0.239825 0.205589
0 0.115450 0.788822 0.230900 0.422356
