0 0.743837 0.450812 0.077675 0.064075
0 0.526350 0.486750 0.201950 0.050500
0 0.508888 0.431412 0.159225 0.064075
0 0.628300 0.411025 0.044650 0.104850
0 0.539950 0.605187 0.097100 0.054375
0 0.473937 0.567325 0.089325 0.130100
0 0.405975 0.560537 0.058250 0.147575
0 0.385588 0.895487 0.172825 0.133975
0 0.216650 0.848888 0.176700 0.161175
0 0.071913 0.810050 0.143825 0.176700
0 0.920462 0.914250 0.159075 0.171500
0 0.742312 0.957975 0.185425 0.084050
0 0.746737 0.845975 0.161175 0.221350
0 0.255475 0.576063 0.106800 0.108725
0 0.260337 0.647912 0.069925 0.062125
0 0.352563 0.635288 0.122325 0.095125
0 0.476838 0.659550 0.122325 0.058250
0 0.604025 0.642075 0.128150 0.093200
0 0.328300 0.533337 0.112600 0.124275
0 0.585588 0.806163 0.157275 0.250475
0 0.151600 0.665387 0.155350 0.256325
0 0.299175 0.762475 0.139800 0.190300
0 0.557425 0.939162 0.174750 0.089325
0 0.440925 0.791600 0.139800 0.236900
0 0.808875 0.459562 0.067950 0.054375
0 0.662275 0.477025 0.073800 0.034950
