0 0.270668 0.190892 0.162941 0.029145
0 0.224091 0.363234 0.279305 0.131078
0 0.192674 0.470836 0.188556 0.113271
0 0.492941 0.318736 0.262995 0.103569
0 0.726872 0.292844 0.237380 0.103532
0 0.191497 0.273439 0.237433 0.064721
0 0.412620 0.253197 0.246738 0.066320
0 0.626791 0.237007 0.214118 0.056617
0 0.149599 0.232156 0.214171 0.040446
0 0.338155 0.216784 0.209465 0.035576
0 0.524385 0.201413 0.195508 0.043717
0 0.428957 0.176338 0.172246 0.038848
0 0.096096 0.210316 0.176898 0.029108
0 0.246203 0.648829 0.472513 0.287993
0 0.110027 0.843011 0.190856 0.252416
0 0.463850 0.820353 0.614545 0.291264
0 0.822701 0.710316 0.354599 0.307472
0 0.868102 0.894777 0.263797 0.142416
0 0.615160 0.549312 0.418984 0.228141
0 0.885561 0.478123 0.228877 0.173123
0 0.441738 0.432007 0.342193 0.171524
0 0.747807 0.387491 0.325882 0.140781
0 0.918128 0.344628 0.163743 0.113271
