0 0.292424 0.794937 0.241047 0.087219
0 0.291818 0.872160 0.244677 0.092664
0 0.543768 0.530574 0.288286 0.168977
0 0.545583 0.646855 0.289500 0.099930
0 0.547401 0.723168 0.293135 0.089023
0 0.548612 0.803113 0.285870 0.092664
0 0.289396 0.722262 0.242260 0.087211
0 0.549826 0.886695 0.283443 0.096297
0 0.290003 0.648672 0.236203 0.089031
0 0.811464 0.798570 0.242260 0.094484
0 0.813885 0.878516 0.244677 0.083578
0 0.543766 0.419738 0.259219 0.099930
0 0.570414 0.525125 0.300401 0.121734
0 0.288789 0.563277 0.241047 0.125367
