0 0.492175 0.031341 0.157700 0.062683
0 0.634112 0.070582 0.182225 0.094672
0 0.364262 0.048227 0.168225 0.086811
0 0.838087 0.830685 0.323825 0.305084
0 0.564025 0.896932 0.406550 0.206135
0 0.439613 0.713649 0.353975 0.260394
0 0.767287 0.433537 0.273375 0.184109
0 0.774300 0.601867 0.308400 0.205159
0 0.479912 0.512439 0.280375 0.199887
0 0.252113 0.457214 0.273375 0.189362
0 0.876637 0.348068 0.246725 0.170957
0 0.627100 0.269156 0.224300 0.149906
0 0.336225 0.316501 0.259350 0.149925
0 0.210050 0.241548 0.252350 0.157805
0 0.425587 0.204719 0.234825 0.126248
0 0.920450 0.181041 0.159100 0.126248
0 0.753275 0.116614 0.196250 0.092064
0 0.469400 0.092946 0.189250 0.086792
0 0.301175 0.128452 0.196250 0.099944
