0 0.127037 0.645433 0.254075 0.478667
0 0.334950 0.445533 0.252500 0.268267
0 0.407925 0.224617 0.209100 0.184100
0 0.221525 0.294317 0.222900 0.223567
0 0.070813 0.365317 0.141625 0.207767
0 0.549963 0.129917 0.189375 0.142033
0 0.937713 0.671733 0.124575 0.320867
0 0.496688 0.591500 0.264325 0.302467
0 0.252087 0.788767 0.311675 0.418200
0 0.302400 0.124667 0.195300 0.168333
0 0.754125 0.792717 0.301800 0.373500
0 0.903200 0.905567 0.193600 0.188867
0 0.887413 0.379783 0.225175 0.263033
0 0.706775 0.488933 0.238700 0.313000
0 0.566725 0.327183 0.215000 0.205167
0 0.718612 0.233817 0.211075 0.202500
0 0.885288 0.160167 0.189375 0.186733
0 0.702825 0.079950 0.183450 0.147300
0 0.116975 0.169383 0.211050 0.199900
0 0.514450 0.871367 0.339300 0.257267
0 0.448375 0.064967 0.183450 0.129933
0 0.074763 0.079433 0.149525 0.158867
