0 0.609867 0.640750 0.318067 0.377478
0 0.601133 0.424056 0.342533 0.093200
0 0.590650 0.308717 0.356500 0.156122
0 0.347733 0.322700 0.192233 0.128156
0 0.325017 0.491628 0.209700 0.219033
0 0.279583 0.343667 0.188733 0.128156
0 0.167733 0.301728 0.188733 0.165433
0 0.061150 0.379783 0.122300 0.107189
0 0.071633 0.279589 0.143267 0.111844
0 0.845792 0.678039 0.209717 0.135144
0 0.122292 0.492794 0.230683 0.221367
0 0.852783 0.552211 0.230667 0.163111
0 0.854525 0.410072 0.227183 0.167767
0 0.882700 0.785222 0.234600 0.158444
0 0.674525 0.881922 0.321550 0.174756
0 0.375700 0.863278 0.311067 0.160778
0 0.330258 0.735128 0.248150 0.118833
0 0.307542 0.653567 0.223683 0.081556
0 0.108333 0.636094 0.216667 0.121167
