0 0.677208 0.837725 0.106662 0.071559
0 0.396327 0.483818 0.162131 0.137301
0 0.306015 0.391956 0.149323 0.123766
0 0.688585 0.407427 0.140800 0.108305
0 0.490188 0.315565 0.150746 0.114100
0 0.314546 0.226600 0.137954 0.087029
0 0.626719 0.298159 0.153592 0.121841
0 0.797381 0.317495 0.173500 0.133441
0 0.882004 0.413227 0.146485 0.112165
0 0.950600 0.330068 0.098800 0.139236
0 0.611073 0.183091 0.153592 0.119906
0 0.253392 0.154079 0.132262 0.092824
0 0.431877 0.155047 0.142215 0.102500
0 0.046700 0.135711 0.093400 0.090900
0 0.136062 0.130873 0.119462 0.088964
0 0.142465 0.242071 0.118038 0.087029
0 0.153127 0.461574 0.136531 0.112165
0 0.049542 0.525397 0.099085 0.112176
0 0.787423 0.794215 0.147908 0.131506
0 0.044565 0.199529 0.089131 0.075418
0 0.061400 0.274953 0.078215 0.094759
0 0.021812 0.351344 0.043623 0.251412
0 0.057135 0.388086 0.069685 0.177929
0 0.046700 0.593081 0.093400 0.054153
0 0.133931 0.187924 0.103815 0.056077
0 0.142465 0.350377 0.120885 0.148912
0 0.154554 0.563107 0.142215 0.141172
0 0.234908 0.251742 0.081062 0.137312
0 0.220685 0.373583 0.055462 0.121831
0 0.229219 0.514759 0.044085 0.187594
0 0.295350 0.294294 0.105238 0.071559
0 0.282546 0.507992 0.099554 0.154707
0 0.282550 0.639498 0.093869 0.139247
0 0.347258 0.151182 0.078223 0.090900
0 0.386365 0.303959 0.110931 0.090889
0 0.398458 0.384221 0.066838 0.092835
0 0.393477 0.572777 0.150754 0.087019
0 0.392054 0.672374 0.147908 0.158577
0 0.434723 0.226606 0.125154 0.075429
0 0.491608 0.392924 0.147908 0.106370
0 0.495877 0.468347 0.145062 0.083159
0 0.512231 0.607589 0.109508 0.214676
0 0.597562 0.392924 0.083908 0.110241
0 0.596854 0.492521 0.073954 0.123766
0 0.596142 0.588253 0.075377 0.117971
0 0.595431 0.685910 0.071108 0.127636
0 0.688585 0.509927 0.137954 0.135377
0 0.687162 0.620157 0.132262 0.139247
0 0.686450 0.745868 0.127992 0.139247
0 0.788138 0.865769 0.135108 0.081224
0 0.780312 0.458677 0.082485 0.195324
0 0.783869 0.638530 0.075369 0.191454
0 0.879865 0.512824 0.139377 0.145042
0 0.879865 0.631763 0.133685 0.139236
0 0.881288 0.775842 0.142223 0.203065
0 0.973354 0.470277 0.053292 0.199195
0 0.972642 0.643363 0.054715 0.185659
0 0.969800 0.785507 0.060400 0.133441
