0 0.539005 0.093086 0.232031 0.186172
0 0.138526 0.273805 0.264219 0.356922
0 0.178214 0.062719 0.205052 0.125438
0 0.349203 0.186148 0.243719 0.333547
0 0.289396 0.504656 0.256854 0.381812
0 0.243219 0.830406 0.245312 0.337656
0 0.404401 0.949406 0.193365 0.101187
0 0.508703 0.388766 0.240698 0.358437
0 0.459349 0.743305 0.238969 0.366234
0 0.655885 0.863211 0.264938 0.273578
0 0.707833 0.567992 0.251083 0.368828
0 0.882922 0.825555 0.234156 0.348891
0 0.712161 0.230320 0.245885 0.368828
0 0.894177 0.425125 0.211646 0.374031
