0 0.323019 0.410016 0.329038 0.272550
0 0.784477 0.804655 0.308169 0.163521
0 0.780462 0.698913 0.348292 0.152623
0 0.781265 0.624775 0.362746 0.178788
0 0.793304 0.496139 0.364346 0.313971
0 0.469081 0.850439 0.383608 0.111202
0 0.473092 0.726160 0.372369 0.355392
0 0.554150 0.476515 0.152485 0.161348
0 0.626377 0.368589 0.303354 0.150449
0 0.627981 0.217059 0.309777 0.235475
0 0.494762 0.099316 0.258415 0.196228
0 0.145662 0.533203 0.057785 0.213678
0 0.143258 0.391484 0.075438 0.156991
0 0.240358 0.282466 0.295331 0.161338
0 0.240362 0.150554 0.298538 0.220209
0 0.245177 0.688004 0.150877 0.191870
0 0.325427 0.562638 0.321008 0.185319
0 0.427346 0.246489 0.107538 0.185329
