0 0.106500 0.634724 0.213000 0.210785
0 0.108167 0.824244 0.216333 0.218547
0 0.109825 0.948023 0.219650 0.102500
0 0.095408 0.335930 0.190817 0.123779
0 0.481883 0.460654 0.327100 0.187587
0 0.487425 0.630858 0.316017 0.230145
0 0.485208 0.821352 0.324883 0.247529
0 0.480775 0.934840 0.327083 0.130320
0 0.424225 0.374593 0.289383 0.146977
0 0.313900 0.518692 0.042133 0.175988
0 0.843342 0.428750 0.262783 0.197267
0 0.857642 0.590102 0.284717 0.252703
0 0.857025 0.779113 0.285950 0.237587
0 0.857025 0.926265 0.285950 0.147471
0 0.827975 0.316890 0.292250 0.155523
0 0.711567 0.571759 0.054500 0.362878
0 0.108167 0.429724 0.216333 0.230145
