0 0.307775 0.554614 0.169883 0.230684
0 0.156842 0.302964 0.108467 0.100193
0 0.857287 0.760825 0.184258 0.335527
0 0.678908 0.761984 0.185567 0.328544
0 0.494650 0.781790 0.188183 0.316895
0 0.312350 0.786456 0.186867 0.316895
0 0.141812 0.753834 0.190792 0.330877
0 0.069283 0.478878 0.134600 0.312229
0 0.177096 0.475386 0.175108 0.258648
0 0.465246 0.542964 0.160742 0.226018
0 0.615529 0.539465 0.155508 0.223685
0 0.772346 0.538299 0.155508 0.212051
0 0.928317 0.499851 0.143367 0.344844
0 0.811546 0.381018 0.131992 0.172437
0 0.705042 0.368202 0.112383 0.132808
0 0.588083 0.389175 0.137217 0.184086
0 0.456100 0.400825 0.150283 0.174755
0 0.350917 0.355386 0.141167 0.167771
0 0.258121 0.308782 0.122842 0.130490
