0 0.578547 0.802615 0.321563 0.277271
0 0.523500 0.639510 0.288344 0.291271
0 0.810102 0.717573 0.312828 0.316896
0 0.893258 0.258542 0.213484 0.233000
0 0.729711 0.265531 0.249891 0.144479
0 0.671172 0.185146 0.223687 0.170083
0 0.459711 0.123417 0.241172 0.139750
0 0.428258 0.232906 0.255141 0.191063
0 0.784766 0.435625 0.293594 0.270292
0 0.518250 0.379708 0.270875 0.251667
0 0.227281 0.296990 0.265625 0.193396
0 0.832820 0.878344 0.249891 0.130479
0 0.072578 0.391354 0.145156 0.233000
0 0.092672 0.662812 0.185344 0.319208
0 0.088305 0.832906 0.176609 0.226021
0 0.284953 0.821250 0.297094 0.240000
0 0.277094 0.462427 0.295344 0.291271
0 0.278836 0.632521 0.274359 0.174750
