0 0.143016 0.725778 0.272811 0.270295
0 0.247937 0.199173 0.125916 0.251641
0 0.549611 0.610435 0.225600 0.309902
0 0.549611 0.369271 0.232589 0.265638
0 0.361616 0.625582 0.188874 0.177083
0 0.765584 0.569656 0.237842 0.177097
0 0.383474 0.251599 0.103179 0.193408
0 0.638800 0.225968 0.106674 0.170084
0 0.689516 0.327328 0.075200 0.060575
0 0.509389 0.186353 0.106674 0.142132
0 0.766463 0.681501 0.229095 0.163114
0 0.712247 0.433352 0.110179 0.170098
0 0.310895 0.434509 0.181874 0.265624
0 0.156132 0.467132 0.190621 0.191066
0 0.360742 0.337812 0.113674 0.174755
