0 0.1721875 0.1925 0.08687500000000001 0.15833399999999997
0 0.2346875 0.366667 0.16812499999999997 0.12
0 0.2175 0.0995835 0.08124999999999999 0.069167
0 0.375 0.5854165 0.11750000000000005 0.269167
0 0.40593749999999995 0.43708349999999996 0.128125 0.17916700000000002
0 0.535625 0.345 0.08999999999999997 0.211666
0 0.5765625 0.4254165 0.09687500000000004 0.24083300000000002
0 0.6084375 0.617917 0.130625 0.22749999999999992
0 0.7153125 0.675 0.12687500000000007 0.24166600000000005
0 0.8715625 0.5279165 0.12437500000000001 0.17416700000000002
0 0.9121874999999999 0.5741665 0.166875 0.19166700000000003
0 0.9675 0.245 0.040000000000000036 0.10833400000000001
