0 0.145 0.65875 0.29 0.680834
0 0.2565625 0.3470835 0.015625000000000028 0.015832999999999986
0 0.38375000000000004 0.5295835 0.23875000000000002 0.319167
0 0.44125000000000003 0.6041665 0.35375 0.568333
0 0.3465625 0.35208300000000003 0.016874999999999973 0.02250000000000002
0 0.47062499999999996 0.4379165 0.044999999999999984 0.13583299999999998
0 0.6131249999999999 0.35375 0.02375000000000005 0.022499999999999964
0 0.6590625 0.37375 0.01937499999999992 0.030833999999999973
0 0.82875 0.5304165000000001 0.34125000000000005 0.405833
0 0.6684375 0.34791700000000003 0.018124999999999947 0.017500000000000016
0 0.7009375 0.3620835 0.020625000000000004 0.029167
0 0.7240625 0.3641665 0.013124999999999942 0.021666999999999992
0 0.82375 0.36875 0.023749999999999938 0.027500000000000024
0 0.8740625 0.3675 0.018125000000000058 0.01833399999999996
0 0.9121874999999999 0.3670835 0.024374999999999925 0.024166999999999994
